INPUTS:
    Title = Sample 14-element array!
    Theta = 35.0
    Phi = 50.0
    Frequency = 100.0
    Sound Speed = 5000.0
    Rzero = 0.0
    Number of elements = 14
    X           Y           Z        SHADING
    0.0    ,    0.0    ,    0.0   ,    1.0
    25.0    ,    0.0    ,    0.0   ,    1.0
    50.0    ,    0.0    ,    0.0   ,    1.0
    75.0    ,    0.0    ,    0.0   ,    1.0
    100.0    ,    0.0    ,    0.0   ,    1.0
    125.0    ,    0.0    ,    0.0   ,    1.0
    150.0    ,    0.0    ,    0.0   ,    1.0
    175.0    ,    0.0    ,    0.0   ,    0.0
    200.0    ,    0.0    ,    0.0   ,    0.0
    225.0    ,    0.0    ,    0.0   ,    1.0
    250.0    ,    0.0    ,    0.0   ,    1.0
    275.0    ,    0.0    ,    0.0   ,    1.0
    300.0    ,    0.0    ,    0.0   ,    1.0
    325.0    ,    0.0    ,    0.0   ,    1.0
OUTPUTS:
    Wavelength = 50.0
    BEAM PATTERN
    THETA     LEVEL
    -90.0   ,    -32.46369463103002
    -89.0   ,    -32.53674842768882
    -88.0   ,    -32.75986208404147
    -87.0   ,    -33.1455931940846
    -86.0   ,    -33.71749816993571
    -85.0   ,    -34.51528049060317
    -84.0   ,    -35.605459230854386
    -83.0   ,    -37.10506320309298
    -82.0   ,    -39.24224173167184
    -81.0   ,    -42.55355288765158
    -80.0   ,    -48.92052506884781
    -79.0   ,    -63.093599117826656
    -78.0   ,    -45.38070261762739
    -77.0   ,    -39.61605339047004
    -76.0   ,    -35.977203832893316
    -75.0   ,    -33.28183721143157
    -74.0   ,    -31.13036805918195
    -73.0   ,    -29.339149744845226
    -72.0   ,    -27.80893865646966
    -71.0   ,    -26.48048446308257
    -70.0   ,    -25.316036757987213
    -69.0   ,    -24.290509560095074
    -68.0   ,    -23.386829174687488
    -67.0   ,    -22.593304223244594
    -66.0   ,    -21.9020604707947
    -65.0   ,    -21.30807795298644
    -64.0   ,    -20.808592009706242
    -63.0   ,    -20.4027299255936
    -62.0   ,    -20.091313310877894
    -61.0   ,    -19.876790291982843
    -60.0   ,    -19.763284013695156
    -59.0   ,    -19.75676196822672
    -58.0   ,    -19.865349101945323
    -57.0   ,    -20.099831092797423
    -56.0   ,    -20.474428427899134
    -55.0   ,    -21.00797508731721
    -54.0   ,    -21.725717412618454
    -53.0   ,    -22.662056892669725
    -52.0   ,    -23.86459935127086
    -51.0   ,    -25.399198858984743
    -50.0   ,    -27.350498049267113
    -49.0   ,    -29.780241275051207
    -48.0   ,    -32.433350789724116
    -47.0   ,    -33.79262517161181
    -46.0   ,    -32.4176658500087
    -45.0   ,    -30.08450121931384
    -44.0   ,    -28.095415253526703
    -43.0   ,    -26.634327003798337
    -42.0   ,    -25.64748791169247
    -41.0   ,    -25.071999674302372
    -40.0   ,    -24.863141207062064
    -39.0   ,    -24.984730363729287
    -38.0   ,    -25.383083255751792
    -37.0   ,    -25.932077403086993
    -36.0   ,    -26.344991464342527
    -35.0   ,    -26.178612372996703
    -34.0   ,    -25.18630331256921
    -33.0   ,    -23.627020665784787
    -32.0   ,    -21.929525655944936
    -31.0   ,    -20.356094961387615
    -30.0   ,    -19.008525124223695
    -29.0   ,    -17.913070306186068
    -28.0   ,    -17.069556022717183
    -27.0   ,    -16.47145892505945
    -26.0   ,    -16.113042045748635
    -25.0   ,    -15.991314852964166
    -24.0   ,    -16.105496487048466
    -23.0   ,    -16.454050500924566
    -22.0   ,    -17.0271717510443
    -21.0   ,    -17.78953960856346
    -20.0   ,    -18.6455465539065
    -19.0   ,    -19.391948084809894
    -18.0   ,    -19.729912906886803
    -17.0   ,    -19.459928553083763
    -16.0   ,    -18.694874860007722
    -15.0   ,    -17.73655686680832
    -14.0   ,    -16.832570052275344
    -13.0   ,    -16.11331215496836
    -12.0   ,    -15.632450381042952
    -11.0   ,    -15.40683285112397
    -10.0   ,    -15.435886233061456
    -9.0   ,    -15.70581235116979
    -8.0   ,    -16.182315004645883
    -7.0   ,    -16.792140412160812
    -6.0   ,    -17.398970500158928
    -5.0   ,    -17.80597581525576
    -4.0   ,    -17.843371498237346
    -3.0   ,    -17.506733193919686
    -2.0   ,    -16.966910521348264
    -1.0   ,    -16.436718940772202
    0.0   ,    -16.074081958067442
    1.0   ,    -15.9728202082626
    2.0   ,    -16.181723057020797
    3.0   ,    -16.707210231373733
    4.0   ,    -17.468814716104113
    5.0   ,    -18.171412744623947
    6.0   ,    -18.21150370117304
    7.0   ,    -17.159679126110394
    8.0   ,    -15.387044961653865
    9.0   ,    -13.50615750519877
    10.0   ,    -11.832815319274781
    11.0   ,    -10.46068439782901
    12.0   ,    -9.401574720348375
    13.0   ,    -8.647660247445636
    14.0   ,    -8.19297317877241
    15.0   ,    -8.041376475991646
    16.0   ,    -8.211758292078912
    17.0   ,    -8.745434448369705
    18.0   ,    -9.72091766662221
    19.0   ,    -11.287326631222053
    20.0   ,    -13.749206806214481
    21.0   ,    -17.792094459914374
    22.0   ,    -23.64988875569876
    23.0   ,    -19.54861408074211
    24.0   ,    -13.849359759051318
    25.0   ,    -10.146659201507275
    26.0   ,    -7.523481139535727
    27.0   ,    -5.551748227516188
    28.0   ,    -4.024168617687065
    29.0   ,    -2.826957058875607
    30.0   ,    -1.8914914818441264
    31.0   ,    -1.1735285498118135
    32.0   ,    -0.6432030567575191
    33.0   ,    -0.2797807149640626
    34.0   ,    -0.0687261874287561
    35.0   ,    0.0
    36.0   ,    -0.06706364727890904
    37.0   ,    -0.2663327650045613
    38.0   ,    -0.5969512199738732
    39.0   ,    -1.0608375351504586
    40.0   ,    -1.6630143751271063
    41.0   ,    -2.4122947596385753
    42.0   ,    -3.3224899339933316
    43.0   ,    -4.414465028368344
    44.0   ,    -5.719687866752612
    45.0   ,    -7.286600305400262
    46.0   ,    -9.192698671426722
    47.0   ,    -11.568804661809292
    48.0   ,    -14.648110186852083
    49.0   ,    -18.814274907772926
    50.0   ,    -23.501700583525746
    51.0   ,    -22.145667266992753
    52.0   ,    -18.04353705827237
    53.0   ,    -15.103995228205482
    54.0   ,    -13.058923072893627
    55.0   ,    -11.583505842542039
    56.0   ,    -10.493488136554765
    57.0   ,    -9.681362297421403
    58.0   ,    -9.079932904569876
    59.0   ,    -8.644488376376483
    60.0   ,    -8.343669259999572
    61.0   ,    -8.154481336779222
    62.0   ,    -8.059405608070701
    63.0   ,    -8.044634733032591
    64.0   ,    -8.098947854234208
    65.0   ,    -8.212964449141388
    66.0   ,    -8.378632585710314
    67.0   ,    -8.588867584202248
    68.0   ,    -8.83729065693603
    69.0   ,    -9.118036502074363
    70.0   ,    -9.425610497206105
    71.0   ,    -9.754783408404538
    72.0   ,    -10.100516178084826
    73.0   ,    -10.457910336515084
    74.0   ,    -10.822181402534104
    75.0   ,    -11.188653553856547
    76.0   ,    -11.55277398422551
    77.0   ,    -11.910144814156649
    78.0   ,    -12.256569310458001
    79.0   ,    -12.588107714468563
    80.0   ,    -12.901136512033414
    81.0   ,    -13.192403920628939
    82.0   ,    -13.45907414788836
    83.0   ,    -13.698753899062345
    84.0   ,    -13.909496742646413
    85.0   ,    -14.089784036073434
    86.0   ,    -14.238484641643375
    87.0   ,    -14.354798958219773
    88.0   ,    -14.438195231484476
    89.0   ,    -14.488347265224956
    90.0   ,    -14.505082402016171
