INPUTS:
    Title = 14 X elements < half wl
    Theta = 10.0
    Phi = 50.0
    Frequency = 90.0
    Sound Speed = 5000.0
    Rzero = 0.0
    Number of elements = 14
    X           Y           Z        SHADING
    0.0    ,    0.0    ,    0.0   ,    1.0
    25.0    ,    0.0    ,    0.0   ,    1.0
    50.0    ,    0.0    ,    0.0   ,    1.0
    75.0    ,    0.0    ,    0.0   ,    1.0
    100.0    ,    0.0    ,    0.0   ,    1.0
    125.0    ,    0.0    ,    0.0   ,    1.0
    150.0    ,    0.0    ,    0.0   ,    1.0
    175.0    ,    0.0    ,    0.0   ,    1.0
    200.0    ,    0.0    ,    0.0   ,    1.0
    225.0    ,    0.0    ,    0.0   ,    1.0
    250.0    ,    0.0    ,    0.0   ,    1.0
    275.0    ,    0.0    ,    0.0   ,    1.0
    300.0    ,    0.0    ,    0.0   ,    1.0
    325.0    ,    0.0    ,    0.0   ,    1.0
OUTPUTS:
    Wavelength = 55.55555555555556
    BEAM PATTERN
    THETA     LEVEL
    -90.0   ,    -24.854205797856267
    -89.0   ,    -24.836450902706563
    -88.0   ,    -24.783585713756814
    -87.0   ,    -24.696793376410163
    -86.0   ,    -24.577994570788118
    -85.0   ,    -24.429776278272396
    -84.0   ,    -24.255302325624523
    -83.0   ,    -24.05821399771257
    -82.0   ,    -23.84252909169091
    -81.0   ,    -23.612546905684066
    -80.0   ,    -23.372765137918563
    -79.0   ,    -23.127812890811633
    -78.0   ,    -22.882402263789526
    -77.0   ,    -22.64129962372166
    -76.0   ,    -22.40931670475162
    -75.0   ,    -22.19132126540694
    -74.0   ,    -21.99226712284717
    -73.0   ,    -21.817243981388305
    -72.0   ,    -21.6715485910764
    -71.0   ,    -21.560780496107682
    -70.0   ,    -21.490968165430342
    -69.0   ,    -21.46873504003261
    -68.0   ,    -21.501520722691424
    -67.0   ,    -21.597881524216977
    -66.0   ,    -21.767909365829855
    -65.0   ,    -22.02383341868358
    -64.0   ,    -22.380914469988316
    -63.0   ,    -22.85882825247781
    -62.0   ,    -23.483907017718145
    -61.0   ,    -24.292981333529774
    -60.0   ,    -25.34044024434438
    -59.0   ,    -26.712431431453048
    -58.0   ,    -28.559155819581786
    -57.0   ,    -31.182801128654447
    -56.0   ,    -35.36052033465053
    -55.0   ,    -44.684207865908725
    -54.0   ,    -44.52293801332284
    -53.0   ,    -34.85702157263698
    -52.0   ,    -30.351989939230357
    -51.0   ,    -27.419105140839953
    -50.0   ,    -25.288286453869947
    -49.0   ,    -23.6653349480655
    -48.0   ,    -22.408958678018216
    -47.0   ,    -21.443116374348595
    -46.0   ,    -20.72515341924904
    -45.0   ,    -20.232227667263164
    -44.0   ,    -19.955179081145065
    -43.0   ,    -19.89612340277341
    -42.0   ,    -20.06853461914387
    -41.0   ,    -20.499846732981556
    -40.0   ,    -21.237898096525093
    -39.0   ,    -22.365149911215358
    -38.0   ,    -24.032202474202265
    -37.0   ,    -26.550961577803253
    -36.0   ,    -30.745286281710456
    -35.0   ,    -40.67193045478143
    -34.0   ,    -38.62351104346329
    -33.0   ,    -29.562858790032713
    -32.0   ,    -25.250406530151846
    -31.0   ,    -22.48978478867757
    -30.0   ,    -20.55959512047129
    -29.0   ,    -19.183312667387998
    -28.0   ,    -18.23217990905142
    -27.0   ,    -17.64383411988223
    -26.0   ,    -17.393978364461017
    -25.0   ,    -17.487010370238266
    -24.0   ,    -17.957159902812023
    -23.0   ,    -18.881056664597097
    -22.0   ,    -20.413575136978938
    -21.0   ,    -22.894332455063562
    -20.0   ,    -27.274436942521085
    -19.0   ,    -39.12854550576793
    -18.0   ,    -32.425807364901225
    -17.0   ,    -24.389701268059518
    -16.0   ,    -20.29312303296383
    -15.0   ,    -17.6314778917138
    -14.0   ,    -15.776698595203346
    -13.0   ,    -14.482056988042036
    -12.0   ,    -13.63534300004339
    -11.0   ,    -13.189652389503216
    -10.0   ,    -13.141572968645756
    -9.0   ,    -13.530116739897355
    -8.0   ,    -14.455309178442576
    -7.0   ,    -16.138472101113063
    -6.0   ,    -19.130332710578628
    -5.0   ,    -25.452359109933443
    -4.0   ,    -36.689208013409406
    -3.0   ,    -20.69733294126977
    -2.0   ,    -14.995249414655882
    -1.0   ,    -11.385952227911542
    0.0   ,    -8.753430000336609
    1.0   ,    -6.710962260716097
    2.0   ,    -5.077836780157766
    3.0   ,    -3.7549232648721467
    4.0   ,    -2.6821385054715066
    5.0   ,    -1.820596033416488
    6.0   ,    -1.1440380137362176
    7.0   ,    -0.6343187749047331
    8.0   ,    -0.27886395059901
    9.0   ,    -0.06918403843278104
    10.0   ,    0.0
    11.0   ,    -0.06875882827338241
    12.0   ,    -0.27542972143699274
    13.0   ,    -0.6225383020191949
    14.0   ,    -1.1154467878720418
    15.0   ,    -1.762941518186035
    16.0   ,    -2.578266972388978
    17.0   ,    -3.5808842263057286
    18.0   ,    -4.79951344639151
    19.0   ,    -6.277653095863758
    20.0   ,    -8.084354828028657
    21.0   ,    -10.337584855921719
    22.0   ,    -13.263232828801938
    23.0   ,    -17.384970532308767
    24.0   ,    -24.500233222385408
    25.0   ,    -41.7006476597451
    26.0   ,    -23.44617284727414
    27.0   ,    -18.64716432855705
    28.0   ,    -16.09989177043103
    29.0   ,    -14.578914132118864
    30.0   ,    -13.679717140982097
    31.0   ,    -13.222342983136569
    32.0   ,    -13.115793056469744
    33.0   ,    -13.313499837634305
    34.0   ,    -13.796231105428236
    35.0   ,    -14.566159256314087
    36.0   ,    -15.647651752405004
    37.0   ,    -17.095335084065216
    38.0   ,    -19.015746771047528
    39.0   ,    -21.625021547027114
    40.0   ,    -25.436823868998868
    41.0   ,    -32.22811685053964
    42.0   ,    -49.51327082614347
    43.0   ,    -30.652092325293975
    44.0   ,    -25.514234938025144
    45.0   ,    -22.62020630147798
    46.0   ,    -20.72989170887557
    47.0   ,    -19.429599470732356
    48.0   ,    -18.529948007635966
    49.0   ,    -17.92872199690962
    50.0   ,    -17.56503806616509
    51.0   ,    -17.400431707604426
    52.0   ,    -17.409945133179015
    53.0   ,    -17.577568975444713
    54.0   ,    -17.89383925287382
    55.0   ,    -18.35465157279476
    56.0   ,    -18.960894287119906
    57.0   ,    -19.718788497060082
    58.0   ,    -20.64104467440291
    59.0   ,    -21.749230835817144
    60.0   ,    -23.078283964127063
    61.0   ,    -24.685348527854625
    62.0   ,    -26.668547854444604
    63.0   ,    -29.212464582170213
    64.0   ,    -32.7240384021788
    65.0   ,    -38.42704709794902
    66.0   ,    -57.409325690663444
    67.0   ,    -41.181247446266426
    68.0   ,    -34.80408434308565
    69.0   ,    -31.37373752783984
    70.0   ,    -29.085339991080357
    71.0   ,    -27.41258980194011
    72.0   ,    -26.127399160920515
    73.0   ,    -25.109494370217345
    74.0   ,    -24.28727806818555
    75.0   ,    -23.61441645313253
    76.0   ,    -23.059026252758237
    77.0   ,    -22.598112028169712
    78.0   ,    -22.214466087469695
    79.0   ,    -21.89483107124698
    80.0   ,    -21.62875681292028
    81.0   ,    -21.407861126819043
    82.0   ,    -21.22533683855287
    83.0   ,    -21.075614946634175
    84.0   ,    -20.954130154309862
    85.0   ,    -20.857155495285106
    86.0   ,    -20.781684802019903
    87.0   ,    -20.72534909266184
    88.0   ,    -20.686357582584794
    89.0   ,    -20.663457066278443
    90.0   ,    -20.655905501577354
