576 
     0.000     -4.500      4.170 0 0 
      0.000     -3.375      4.170 0 0 
      0.000     -2.250      4.170 0 0 
      0.000     -1.125      4.170 0 0 
      0.000      0.000      4.170 0 0 
      0.000      1.125      4.170 0 0 
      0.000      2.250      4.170 0 0 
      0.000      3.375      4.170 0 0 
      0.363     -4.500      4.154 0 0 
      0.363     -3.375      4.154 0 0 
      0.363     -2.250      4.154 0 0 
      0.363     -1.125      4.154 0 0 
      0.363      0.000      4.154 0 0 
      0.363      1.125      4.154 0 0 
      0.363      2.250      4.154 0 0 
      0.363      3.375      4.154 0 0 
      0.724     -4.500      4.107 0 0 
      0.724     -3.375      4.107 0 0 
      0.724     -2.250      4.107 2 0 
      0.724     -1.125      4.107 0 0 
      0.724      0.000      4.107 0 0 
      0.724      1.125      4.107 0 0 
      0.724      2.250      4.107 2 0 
      0.724      3.375      4.107 0 0 
      1.079     -4.500      4.028 0 0 
      1.079     -3.375      4.028 0 0 
      1.079     -2.250      4.028 0 0 
      1.079     -1.125      4.028 0 0 
      1.079      0.000      4.028 0 0 
      1.079      1.125      4.028 0 0 
      1.079      2.250      4.028 0 0 
      1.079      3.375      4.028 0 0 
      1.426     -4.500      3.919 0 0 
      1.426     -3.375      3.919 0 0 
      1.426     -2.250      3.919 0 0 
      1.426     -1.125      3.919 0 0 
      1.426      0.000      3.919 0 0 
      1.426      1.125      3.919 0 0 
      1.426      2.250      3.919 0 0 
      1.426      3.375      3.919 0 0 
      1.762     -4.500      3.779 2 0 
      1.762     -3.375      3.779 0 0 
      1.762     -2.250      3.779 0 0 
      1.762     -1.125      3.779 0 0 
      1.762      0.000      3.779 0 0 
      1.762      1.125      3.779 0 0 
      1.762      2.250      3.779 0 0 
      1.762      3.375      3.779 0 0 
      2.085     -4.500      3.611 0 0 
      2.085     -3.375      3.611 0 0 
      2.085     -2.250      3.611 2 0 
      2.085     -1.125      3.611 0 0 
      2.085      0.000      3.611 0 0 
      2.085      1.125      3.611 0 0 
      2.085      2.250      3.611 0 0 
      2.085      3.375      3.611 2 0 
      2.392     -4.500      3.416 0 0 
      2.392     -3.375      3.416 0 0 
      2.392     -2.250      3.416 0 0 
      2.392     -1.125      3.416 0 0 
      2.392      0.000      3.416 0 0 
      2.392      1.125      3.416 0 0 
      2.392      2.250      3.416 0 0 
      2.392      3.375      3.416 0 0 
      2.680     -4.500      3.194 2 0 
      2.680     -3.375      3.194 2 0 
      2.680     -2.250      3.194 2 0 
      2.680     -1.125      3.194 2 0 
      2.680      0.000      3.194 2 0 
      2.680      1.125      3.194 2 0 
      2.680      2.250      3.194 2 0 
      2.680      3.375      3.194 2 0 
      2.949     -4.500      2.949 0 0 
      2.949     -3.375      2.949 0 0 
      2.949     -2.250      2.949 0 0 
      2.949     -1.125      2.949 0 0 
      2.949      0.000      2.949 0 0 
      2.949      1.125      2.949 2 0 
      2.949      2.250      2.949 0 0 
      2.949      3.375      2.949 0 0 
      3.194     -4.500      2.680 2 0 
      3.194     -3.375      2.680 2 0 
      3.194     -2.250      2.680 2 0 
      3.194     -1.125      2.680 2 0 
      3.194      0.000      2.680 2 0 
      3.194      1.125      2.680 2 0 
      3.194      2.250      2.680 2 0 
      3.194      3.375      2.680 2 0 
      3.416     -4.500      2.392 0 0 
      3.416     -3.375      2.392 0 0 
      3.416     -2.250      2.392 0 0 
      3.416     -1.125      2.392 0 0 
      3.416      0.000      2.392 0 0 
      3.416      1.125      2.392 0 0 
      3.416      2.250      2.392 2 0 
      3.416      3.375      2.392 0 0 
      3.611     -4.500      2.085 0 0 
      3.611     -3.375      2.085 0 0 
      3.611     -2.250      2.085 0 0 
      3.611     -1.125      2.085 0 0 
      3.611      0.000      2.085 2 0 
      3.611      1.125      2.085 0 0 
      3.611      2.250      2.085 0 0 
      3.611      3.375      2.085 0 0 
      3.779     -4.500      1.762 2 0 
      3.779     -3.375      1.762 2 0 
      3.779     -2.250      1.762 2 0 
      3.779     -1.125      1.762 2 0 
      3.779      0.000      1.762 2 0 
      3.779      1.125      1.762 2 0 
      3.779      2.250      1.762 2 0 
      3.779      3.375      1.762 2 0 
      3.919     -4.500      1.426 0 0 
      3.919     -3.375      1.426 0 0 
      3.919     -2.250      1.426 0 0 
      3.919     -1.125      1.426 0 0 
      3.919      0.000      1.426 2 0 
      3.919      1.125      1.426 0 0 
      3.919      2.250      1.426 0 0 
      3.919      3.375      1.426 0 0 
      4.028     -4.500      1.079 2 0 
      4.028     -3.375      1.079 2 0 
      4.028     -2.250      1.079 2 0 
      4.028     -1.125      1.079 2 0 
      4.028      0.000      1.079 2 0 
      4.028      1.125      1.079 2 0 
      4.028      2.250      1.079 2 0 
      4.028      3.375      1.079 2 0 
      4.107     -4.500      0.724 2 0 
      4.107     -3.375      0.724 2 0 
      4.107     -2.250      0.724 2 0 
      4.107     -1.125      0.724 2 0 
      4.107      0.000      0.724 2 0 
      4.107      1.125      0.724 2 0 
      4.107      2.250      0.724 2 0 
      4.107      3.375      0.724 2 0 
      4.154     -4.500      0.363 0 0 
      4.154     -3.375      0.363 0 0 
      4.154     -2.250      0.363 0 0 
      4.154     -1.125      0.363 0 0 
      4.154      0.000      0.363 0 0 
      4.154      1.125      0.363 0 0 
      4.154      2.250      0.363 0 0 
      4.154      3.375      0.363 0 0 
      4.170     -4.500     -0.000 0 0 
      4.170     -3.375     -0.000 0 0 
      4.170     -2.250     -0.000 0 0 
      4.170     -1.125     -0.000 2 0 
      4.170      0.000     -0.000 0 0 
      4.170      1.125     -0.000 0 0 
      4.170      2.250     -0.000 0 0 
      4.170      3.375     -0.000 0 0 
      4.154     -4.500     -0.363 2 0 
      4.154     -3.375     -0.363 0 0 
      4.154     -2.250     -0.363 2 0 
      4.154     -1.125     -0.363 0 0 
      4.154      0.000     -0.363 0 0 
      4.154      1.125     -0.363 0 0 
      4.154      2.250     -0.363 0 0 
      4.154      3.375     -0.363 0 0 
      4.107     -4.500     -0.724 2 0 
      4.107     -3.375     -0.724 2 0 
      4.107     -2.250     -0.724 2 0 
      4.107     -1.125     -0.724 2 0 
      4.107      0.000     -0.724 2 0 
      4.107      1.125     -0.724 2 0 
      4.107      2.250     -0.724 2 0 
      4.107      3.375     -0.724 2 0 
      4.028     -4.500     -1.079 0 0 
      4.028     -3.375     -1.079 0 0 
      4.028     -2.250     -1.079 0 0 
      4.028     -1.125     -1.079 0 0 
      4.028      0.000     -1.079 0 0 
      4.028      1.125     -1.079 2 0 
      4.028      2.250     -1.079 0 0 
      4.028      3.375     -1.079 0 0 
      3.919     -4.500     -1.426 0 0 
      3.919     -3.375     -1.426 0 0 
      3.919     -2.250     -1.426 0 0 
      3.919     -1.125     -1.426 0 0 
      3.919      0.000     -1.426 0 0 
      3.919      1.125     -1.426 0 0 
      3.919      2.250     -1.426 0 0 
      3.919      3.375     -1.426 0 0 
      3.779     -4.500     -1.762 0 0 
      3.779     -3.375     -1.762 0 0 
      3.779     -2.250     -1.762 0 0 
      3.779     -1.125     -1.762 0 0 
      3.779      0.000     -1.762 0 0 
      3.779      1.125     -1.762 0 0 
      3.779      2.250     -1.762 2 0 
      3.779      3.375     -1.762 0 0 
      3.611     -4.500     -2.085 0 0 
      3.611     -3.375     -2.085 0 0 
      3.611     -2.250     -2.085 0 0 
      3.611     -1.125     -2.085 0 0 
      3.611      0.000     -2.085 0 0 
      3.611      1.125     -2.085 0 0 
      3.611      2.250     -2.085 0 0 
      3.611      3.375     -2.085 0 0 
      3.416     -4.500     -2.392 0 0 
      3.416     -3.375     -2.392 0 0 
      3.416     -2.250     -2.392 0 0 
      3.416     -1.125     -2.392 0 0 
      3.416      0.000     -2.392 0 0 
      3.416      1.125     -2.392 0 0 
      3.416      2.250     -2.392 0 0 
      3.416      3.375     -2.392 0 0 
      3.194     -4.500     -2.680 2 0 
      3.194     -3.375     -2.680 2 0 
      3.194     -2.250     -2.680 2 0 
      3.194     -1.125     -2.680 2 0 
      3.194      0.000     -2.680 2 0 
      3.194      1.125     -2.680 2 0 
      3.194      2.250     -2.680 2 0 
      3.194      3.375     -2.680 2 0 
      2.949     -4.500     -2.949 2 0 
      2.949     -3.375     -2.949 0 0 
      2.949     -2.250     -2.949 0 0 
      2.949     -1.125     -2.949 0 0 
      2.949      0.000     -2.949 0 0 
      2.949      1.125     -2.949 2 0 
      2.949      2.250     -2.949 0 0 
      2.949      3.375     -2.949 0 0 
      2.680     -4.500     -3.194 0 0 
      2.680     -3.375     -3.194 0 0 
      2.680     -2.250     -3.194 0 0 
      2.680     -1.125     -3.194 0 0 
      2.680      0.000     -3.194 0 0 
      2.680      1.125     -3.194 0 0 
      2.680      2.250     -3.194 0 0 
      2.680      3.375     -3.194 0 0 
      2.392     -4.500     -3.416 0 0 
      2.392     -3.375     -3.416 2 0 
      2.392     -2.250     -3.416 0 0 
      2.392     -1.125     -3.416 0 0 
      2.392      0.000     -3.416 0 0 
      2.392      1.125     -3.416 0 0 
      2.392      2.250     -3.416 0 0 
      2.392      3.375     -3.416 2 0 
      2.085     -4.500     -3.611 2 0 
      2.085     -3.375     -3.611 2 0 
      2.085     -2.250     -3.611 2 0 
      2.085     -1.125     -3.611 2 0 
      2.085      0.000     -3.611 2 0 
      2.085      1.125     -3.611 2 0 
      2.085      2.250     -3.611 2 0 
      2.085      3.375     -3.611 2 0 
      1.762     -4.500     -3.779 0 0 
      1.762     -3.375     -3.779 0 0 
      1.762     -2.250     -3.779 0 0 
      1.762     -1.125     -3.779 2 0 
      1.762      0.000     -3.779 0 0 
      1.762      1.125     -3.779 0 0 
      1.762      2.250     -3.779 0 0 
      1.762      3.375     -3.779 0 0 
      1.426     -4.500     -3.919 0 0 
      1.426     -3.375     -3.919 0 0 
      1.426     -2.250     -3.919 0 0 
      1.426     -1.125     -3.919 2 0 
      1.426      0.000     -3.919 0 0 
      1.426      1.125     -3.919 0 0 
      1.426      2.250     -3.919 0 0 
      1.426      3.375     -3.919 0 0 
      1.079     -4.500     -4.028 0 0 
      1.079     -3.375     -4.028 2 0 
      1.079     -2.250     -4.028 0 0 
      1.079     -1.125     -4.028 0 0 
      1.079      0.000     -4.028 0 0 
      1.079      1.125     -4.028 0 0 
      1.079      2.250     -4.028 0 0 
      1.079      3.375     -4.028 0 0 
      0.724     -4.500     -4.107 0 0 
      0.724     -3.375     -4.107 0 0 
      0.724     -2.250     -4.107 0 0 
      0.724     -1.125     -4.107 2 0 
      0.724      0.000     -4.107 0 0 
      0.724      1.125     -4.107 0 0 
      0.724      2.250     -4.107 0 0 
      0.724      3.375     -4.107 0 0 
      0.363     -4.500     -4.154 2 0 
      0.363     -3.375     -4.154 0 0 
      0.363     -2.250     -4.154 0 0 
      0.363     -1.125     -4.154 0 0 
      0.363      0.000     -4.154 0 0 
      0.363      1.125     -4.154 0 0 
      0.363      2.250     -4.154 0 0 
      0.363      3.375     -4.154 0 0 
     -0.000     -4.500     -4.170 0 0 
     -0.000     -3.375     -4.170 0 0 
     -0.000     -2.250     -4.170 0 0 
     -0.000     -1.125     -4.170 0 0 
     -0.000      0.000     -4.170 0 0 
     -0.000      1.125     -4.170 0 0 
     -0.000      2.250     -4.170 0 0 
     -0.000      3.375     -4.170 0 0 
     -0.363     -4.500     -4.154 0 0 
     -0.363     -3.375     -4.154 0 0 
     -0.363     -2.250     -4.154 0 0 
     -0.363     -1.125     -4.154 0 0 
     -0.363      0.000     -4.154 0 0 
     -0.363      1.125     -4.154 0 0 
     -0.363      2.250     -4.154 0 0 
     -0.363      3.375     -4.154 0 0 
     -0.724     -4.500     -4.107 0 0 
     -0.724     -3.375     -4.107 0 0 
     -0.724     -2.250     -4.107 0 0 
     -0.724     -1.125     -4.107 0 0 
     -0.724      0.000     -4.107 0 0 
     -0.724      1.125     -4.107 0 0 
     -0.724      2.250     -4.107 0 0 
     -0.724      3.375     -4.107 0 0 
     -1.079     -4.500     -4.028 0 0 
     -1.079     -3.375     -4.028 0 0 
     -1.079     -2.250     -4.028 0 0 
     -1.079     -1.125     -4.028 0 0 
     -1.079      0.000     -4.028 0 0 
     -1.079      1.125     -4.028 0 0 
     -1.079      2.250     -4.028 0 0 
     -1.079      3.375     -4.028 0 0 
     -1.426     -4.500     -3.919 0 0 
     -1.426     -3.375     -3.919 0 0 
     -1.426     -2.250     -3.919 0 0 
     -1.426     -1.125     -3.919 0 0 
     -1.426      0.000     -3.919 0 0 
     -1.426      1.125     -3.919 0 0 
     -1.426      2.250     -3.919 2 0 
     -1.426      3.375     -3.919 0 0 
     -1.762     -4.500     -3.779 0 0 
     -1.762     -3.375     -3.779 0 0 
     -1.762     -2.250     -3.779 0 0 
     -1.762     -1.125     -3.779 0 0 
     -1.762      0.000     -3.779 0 0 
     -1.762      1.125     -3.779 0 0 
     -1.762      2.250     -3.779 0 0 
     -1.762      3.375     -3.779 0 0 
     -2.085     -4.500     -3.611 0 0 
     -2.085     -3.375     -3.611 0 0 
     -2.085     -2.250     -3.611 0 0 
     -2.085     -1.125     -3.611 2 0 
     -2.085      0.000     -3.611 0 0 
     -2.085      1.125     -3.611 0 0 
     -2.085      2.250     -3.611 0 0 
     -2.085      3.375     -3.611 0 0 
     -2.392     -4.500     -3.416 0 0 
     -2.392     -3.375     -3.416 0 0 
     -2.392     -2.250     -3.416 0 0 
     -2.392     -1.125     -3.416 0 0 
     -2.392      0.000     -3.416 0 0 
     -2.392      1.125     -3.416 0 0 
     -2.392      2.250     -3.416 0 0 
     -2.392      3.375     -3.416 0 0 
     -2.680     -4.500     -3.194 0 0 
     -2.680     -3.375     -3.194 0 0 
     -2.680     -2.250     -3.194 0 0 
     -2.680     -1.125     -3.194 0 0 
     -2.680      0.000     -3.194 2 0 
     -2.680      1.125     -3.194 0 0 
     -2.680      2.250     -3.194 0 0 
     -2.680      3.375     -3.194 0 0 
     -2.949     -4.500     -2.949 0 0 
     -2.949     -3.375     -2.949 0 0 
     -2.949     -2.250     -2.949 0 0 
     -2.949     -1.125     -2.949 0 0 
     -2.949      0.000     -2.949 0 0 
     -2.949      1.125     -2.949 0 0 
     -2.949      2.250     -2.949 0 0 
     -2.949      3.375     -2.949 0 0 
     -3.194     -4.500     -2.680 0 0 
     -3.194     -3.375     -2.680 0 0 
     -3.194     -2.250     -2.680 0 0 
     -3.194     -1.125     -2.680 0 0 
     -3.194      0.000     -2.680 0 0 
     -3.194      1.125     -2.680 0 0 
     -3.194      2.250     -2.680 0 0 
     -3.194      3.375     -2.680 0 0 
     -3.416     -4.500     -2.392 0 0 
     -3.416     -3.375     -2.392 0 0 
     -3.416     -2.250     -2.392 0 0 
     -3.416     -1.125     -2.392 0 0 
     -3.416      0.000     -2.392 0 0 
     -3.416      1.125     -2.392 2 0 
     -3.416      2.250     -2.392 2 0 
     -3.416      3.375     -2.392 0 0 
     -3.611     -4.500     -2.085 0 0 
     -3.611     -3.375     -2.085 0 0 
     -3.611     -2.250     -2.085 0 0 
     -3.611     -1.125     -2.085 0 0 
     -3.611      0.000     -2.085 0 0 
     -3.611      1.125     -2.085 2 0 
     -3.611      2.250     -2.085 0 0 
     -3.611      3.375     -2.085 0 0 
     -3.779     -4.500     -1.762 2 0 
     -3.779     -3.375     -1.762 2 0 
     -3.779     -2.250     -1.762 2 0 
     -3.779     -1.125     -1.762 2 0 
     -3.779      0.000     -1.762 2 0 
     -3.779      1.125     -1.762 2 0 
     -3.779      2.250     -1.762 2 0 
     -3.779      3.375     -1.762 2 0 
     -3.919     -4.500     -1.426 0 0 
     -3.919     -3.375     -1.426 0 0 
     -3.919     -2.250     -1.426 0 0 
     -3.919     -1.125     -1.426 0 0 
     -3.919      0.000     -1.426 0 0 
     -3.919      1.125     -1.426 0 0 
     -3.919      2.250     -1.426 0 0 
     -3.919      3.375     -1.426 0 0 
     -4.028     -4.500     -1.079 0 0 
     -4.028     -3.375     -1.079 0 0 
     -4.028     -2.250     -1.079 0 0 
     -4.028     -1.125     -1.079 2 0 
     -4.028      0.000     -1.079 0 0 
     -4.028      1.125     -1.079 0 0 
     -4.028      2.250     -1.079 0 0 
     -4.028      3.375     -1.079 0 0 
     -4.107     -4.500     -0.724 0 0 
     -4.107     -3.375     -0.724 2 0 
     -4.107     -2.250     -0.724 0 0 
     -4.107     -1.125     -0.724 0 0 
     -4.107      0.000     -0.724 0 0 
     -4.107      1.125     -0.724 0 0 
     -4.107      2.250     -0.724 2 0 
     -4.107      3.375     -0.724 0 0 
     -4.154     -4.500     -0.363 2 0 
     -4.154     -3.375     -0.363 0 0 
     -4.154     -2.250     -0.363 0 0 
     -4.154     -1.125     -0.363 0 0 
     -4.154      0.000     -0.363 0 0 
     -4.154      1.125     -0.363 2 0 
     -4.154      2.250     -0.363 0 0 
     -4.154      3.375     -0.363 0 0 
     -4.170     -4.500      0.000 0 0 
     -4.170     -3.375      0.000 2 0 
     -4.170     -2.250      0.000 0 0 
     -4.170     -1.125      0.000 0 0 
     -4.170      0.000      0.000 0 0 
     -4.170      1.125      0.000 0 0 
     -4.170      2.250      0.000 0 0 
     -4.170      3.375      0.000 0 0 
     -4.154     -4.500      0.363 2 0 
     -4.154     -3.375      0.363 2 0 
     -4.154     -2.250      0.363 2 0 
     -4.154     -1.125      0.363 2 0 
     -4.154      0.000      0.363 2 0 
     -4.154      1.125      0.363 2 0 
     -4.154      2.250      0.363 2 0 
     -4.154      3.375      0.363 2 0 
     -4.107     -4.500      0.724 0 0 
     -4.107     -3.375      0.724 0 0 
     -4.107     -2.250      0.724 0 0 
     -4.107     -1.125      0.724 0 0 
     -4.107      0.000      0.724 2 0 
     -4.107      1.125      0.724 2 0 
     -4.107      2.250      0.724 0 0 
     -4.107      3.375      0.724 0 0 
     -4.028     -4.500      1.079 0 0 
     -4.028     -3.375      1.079 2 0 
     -4.028     -2.250      1.079 0 0 
     -4.028     -1.125      1.079 0 0 
     -4.028      0.000      1.079 0 0 
     -4.028      1.125      1.079 0 0 
     -4.028      2.250      1.079 0 0 
     -4.028      3.375      1.079 0 0 
     -3.919     -4.500      1.426 0 0 
     -3.919     -3.375      1.426 0 0 
     -3.919     -2.250      1.426 0 0 
     -3.919     -1.125      1.426 0 0 
     -3.919      0.000      1.426 0 0 
     -3.919      1.125      1.426 0 0 
     -3.919      2.250      1.426 0 0 
     -3.919      3.375      1.426 0 0 
     -3.779     -4.500      1.762 0 0 
     -3.779     -3.375      1.762 0 0 
     -3.779     -2.250      1.762 0 0 
     -3.779     -1.125      1.762 0 0 
     -3.779      0.000      1.762 0 0 
     -3.779      1.125      1.762 0 0 
     -3.779      2.250      1.762 0 0 
     -3.779      3.375      1.762 0 0 
     -3.611     -4.500      2.085 2 0 
     -3.611     -3.375      2.085 2 0 
     -3.611     -2.250      2.085 2 0 
     -3.611     -1.125      2.085 2 0 
     -3.611      0.000      2.085 2 0 
     -3.611      1.125      2.085 2 0 
     -3.611      2.250      2.085 2 0 
     -3.611      3.375      2.085 2 0 
     -3.416     -4.500      2.392 0 0 
     -3.416     -3.375      2.392 0 0 
     -3.416     -2.250      2.392 0 0 
     -3.416     -1.125      2.392 0 0 
     -3.416      0.000      2.392 0 0 
     -3.416      1.125      2.392 0 0 
     -3.416      2.250      2.392 0 0 
     -3.416      3.375      2.392 0 0 
     -3.194     -4.500      2.680 0 0 
     -3.194     -3.375      2.680 0 0 
     -3.194     -2.250      2.680 0 0 
     -3.194     -1.125      2.680 0 0 
     -3.194      0.000      2.680 0 0 
     -3.194      1.125      2.680 0 0 
     -3.194      2.250      2.680 0 0 
     -3.194      3.375      2.680 0 0 
     -2.949     -4.500      2.949 2 0 
     -2.949     -3.375      2.949 2 0 
     -2.949     -2.250      2.949 2 0 
     -2.949     -1.125      2.949 2 0 
     -2.949      0.000      2.949 2 0 
     -2.949      1.125      2.949 2 0 
     -2.949      2.250      2.949 2 0 
     -2.949      3.375      2.949 2 0 
     -2.680     -4.500      3.194 0 0 
     -2.680     -3.375      3.194 0 0 
     -2.680     -2.250      3.194 0 0 
     -2.680     -1.125      3.194 0 0 
     -2.680      0.000      3.194 2 0 
     -2.680      1.125      3.194 0 0 
     -2.680      2.250      3.194 0 0 
     -2.680      3.375      3.194 2 0 
     -2.392     -4.500      3.416 0 0 
     -2.392     -3.375      3.416 0 0 
     -2.392     -2.250      3.416 0 0 
     -2.392     -1.125      3.416 0 0 
     -2.392      0.000      3.416 0 0 
     -2.392      1.125      3.416 0 0 
     -2.392      2.250      3.416 0 0 
     -2.392      3.375      3.416 0 0 
     -2.085     -4.500      3.611 2 0 
     -2.085     -3.375      3.611 2 0 
     -2.085     -2.250      3.611 2 0 
     -2.085     -1.125      3.611 2 0 
     -2.085      0.000      3.611 2 0 
     -2.085      1.125      3.611 2 0 
     -2.085      2.250      3.611 2 0 
     -2.085      3.375      3.611 2 0 
     -1.762     -4.500      3.779 0 0 
     -1.762     -3.375      3.779 0 0 
     -1.762     -2.250      3.779 0 0 
     -1.762     -1.125      3.779 0 0 
     -1.762      0.000      3.779 0 0 
     -1.762      1.125      3.779 2 0 
     -1.762      2.250      3.779 0 0 
     -1.762      3.375      3.779 0 0 
     -1.426     -4.500      3.919 0 0 
     -1.426     -3.375      3.919 0 0 
     -1.426     -2.250      3.919 0 0 
     -1.426     -1.125      3.919 0 0 
     -1.426      0.000      3.919 2 0 
     -1.426      1.125      3.919 0 0 
     -1.426      2.250      3.919 0 0 
     -1.426      3.375      3.919 0 0 
     -1.079     -4.500      4.028 0 0 
     -1.079     -3.375      4.028 0 0 
     -1.079     -2.250      4.028 0 0 
     -1.079     -1.125      4.028 0 0 
     -1.079      0.000      4.028 0 0 
     -1.079      1.125      4.028 0 0 
     -1.079      2.250      4.028 0 0 
     -1.079      3.375      4.028 0 0 
     -0.724     -4.500      4.107 0 0 
     -0.724     -3.375      4.107 0 0 
     -0.724     -2.250      4.107 0 0 
     -0.724     -1.125      4.107 0 0 
     -0.724      0.000      4.107 0 0 
     -0.724      1.125      4.107 0 0 
     -0.724      2.250      4.107 0 0 
     -0.724      3.375      4.107 2 0 
     -0.363     -4.500      4.154 0 0 
     -0.363     -3.375      4.154 0 0 
     -0.363     -2.250      4.154 0 0 
     -0.363     -1.125      4.154 2 0 
     -0.363      0.000      4.154 0 0 
     -0.363      1.125      4.154 0 0 
     -0.363      2.250      4.154 0 0 
     -0.363      3.375      4.154 0 0 
 