   242
     0.000      1.500      0.000 0 
      0.007      1.500      1.875 2 
      0.014      1.500      3.750 2 
      0.021      1.500      5.625 1 
      0.028      1.500      7.500 2 
      0.035      1.500      9.375 2 
      0.042      1.499     11.250 0 
      0.050      1.499     13.125 2 
      0.057      1.499     15.000 2 
      0.064      1.499     16.875 1 
      0.071      1.498     18.750 2 
      0.078      1.498     20.625 2 
      0.085      1.498     22.500 0 
      0.092      1.497     24.375 2 
      0.099      1.497     26.250 2 
      0.106      1.496     28.125 1 
      0.113      1.496     30.000 2 
      0.120      1.495     31.875 2 
      0.127      1.495     33.750 0 
      0.134      1.494     35.625 2 
      0.141      1.493     37.500 2 
      0.148      1.493     39.375 1 
      0.155      1.492     41.250 2 
      0.162      1.491     43.125 2 
      0.169      1.490     45.000 0 
      0.176      1.490     46.875 2 
      0.184      1.489     48.750 2 
      0.191      1.488     50.625 1 
      0.198      1.487     52.500 2 
      0.205      1.486     54.375 2 
      0.212      1.485     56.250 0 
      0.219      1.484     58.125 2 
      0.226      1.483     60.000 2 
      0.233      1.482     61.875 1 
      0.240      1.481     63.750 2 
      0.247      1.480     65.625 2 
      0.254      1.478     67.500 0 
      0.260      1.477     69.375 2 
      0.267      1.476     71.250 2 
      0.274      1.475     73.125 1 
      0.281      1.473     75.000 2 
      0.288      1.472     76.875 2 
      0.295      1.471     78.750 0 
      0.302      1.469     80.625 2 
      0.309      1.468     82.500 2 
      0.316      1.466     84.375 1 
      0.323      1.465     86.250 2 
      0.330      1.463     88.125 2 
      0.337      1.462     90.000 0 
      0.344      1.460     91.875 2 
      0.351      1.458     93.750 2 
      0.357      1.457     95.625 1 
      0.364      1.455     97.500 2 
      0.371      1.453     99.375 2 
      0.378      1.452    101.250 0 
      0.385      1.450    103.125 2 
      0.392      1.448    105.000 2 
      0.398      1.446    106.875 1 
      0.405      1.444    108.750 2 
      0.412      1.442    110.625 2 
      0.419      1.440    112.500 0 
      0.426      1.438    114.375 2 
      0.432      1.436    116.250 2 
      0.439      1.434    118.125 1 
      0.446      1.432    120.000 2 
      0.453      1.430    121.875 2 
      0.459      1.428    123.750 0 
      0.466      1.426    125.625 2 
      0.473      1.423    127.500 2 
      0.480      1.421    129.375 1 
      0.486      1.419    131.250 2 
      0.493      1.417    133.125 2 
      0.500      1.414    135.000 0 
      0.506      1.412    136.875 2 
      0.513      1.410    138.750 2 
      0.520      1.407    140.625 1 
      0.526      1.405    142.500 2 
      0.533      1.402    144.375 2 
      0.540      1.400    146.250 0 
      0.546      1.397    148.125 2 
      0.553      1.394    150.000 2 
      0.559      1.392    151.875 1 
      0.566      1.389    153.750 2 
      0.572      1.386    155.625 2 
      0.579      1.384    157.500 0 
      0.585      1.381    159.375 2 
      0.592      1.378    161.250 2 
      0.598      1.375    163.125 1 
      0.605      1.373    165.000 2 
      0.611      1.370    166.875 2 
      0.618      1.367    168.750 0 
      0.624      1.364    170.625 2 
      0.631      1.361    172.500 2 
      0.637      1.358    174.375 1 
      0.644      1.355    176.250 2 
      0.650      1.352    178.125 2 
      0.656      1.349    180.000 0 
      0.663      1.346    181.875 2 
      0.669      1.343    183.750 2 
      0.675      1.339    185.625 1 
      0.682      1.336    187.500 2 
      0.688      1.333    189.375 2 
      0.694      1.330    191.250 0 
      0.700      1.326    193.125 2 
      0.707      1.323    195.000 2 
      0.713      1.320    196.875 1 
      0.719      1.316    198.750 2 
      0.725      1.313    200.625 2 
      0.732      1.310    202.500 0 
      0.738      1.306    204.375 2 
      0.744      1.303    206.250 2 
      0.750      1.299    208.125 1 
      0.768      1.288    213.750 0 
      0.786      1.277    219.375 1 
      0.804      1.266    225.000 0 
      0.822      1.255    230.625 1 
      0.840      1.243    236.250 0 
      0.857      1.231    241.875 1 
      0.875      1.218    247.500 0 
      0.892      1.206    253.125 1 
      0.909      1.193    258.750 0 
      0.926      1.180    264.375 1 
      0.942      1.167    270.000 0 
      0.959      1.154    275.625 1 
      0.975      1.140    281.250 0 
      0.991      1.126    286.875 1 
      1.007      1.112    292.500 0 
      1.022      1.098    298.125 1 
      1.038      1.083    303.750 0 
      1.053      1.068    309.375 1 
      1.068      1.053    315.000 0 
      1.083      1.038    320.625 1 
      1.098      1.022    326.250 0 
      1.112      1.007    331.875 1 
      1.126      0.991    337.500 0 
      1.140      0.975    343.125 1 
      1.154      0.959    348.750 0 
      1.167      0.942    354.375 1 
      1.180      0.926    360.000 0 
      1.193      0.909    365.625 1 
      1.206      0.892    371.250 0 
      1.218      0.875    376.875 1 
      1.231      0.857    382.500 0 
      1.243      0.840    388.125 1 
      1.255      0.822    393.750 0 
      1.266      0.804    399.375 1 
      1.277      0.786    405.000 0 
      1.288      0.768    410.625 1 
      1.299      0.750    416.250 0 
      1.310      0.732    421.875 1 
      1.320      0.713    427.500 0 
      1.330      0.694    433.125 1 
      1.339      0.675    438.750 0 
      1.349      0.656    444.375 1 
      1.358      0.637    450.000 0 
      1.367      0.618    455.625 1 
      1.375      0.598    461.250 0 
      1.384      0.579    466.875 1 
      1.392      0.559    472.500 0 
      1.400      0.540    478.125 1 
      1.407      0.520    483.750 0 
      1.414      0.500    489.375 1 
      1.421      0.480    495.000 0 
      1.428      0.459    500.625 1 
      1.434      0.439    506.250 0 
      1.440      0.419    511.875 1 
      1.446      0.398    517.500 0 
      1.452      0.378    523.125 1 
      1.457      0.357    528.750 0 
      1.462      0.337    534.375 1 
      1.466      0.316    540.000 0 
      1.471      0.295    545.625 1 
      1.475      0.274    551.250 0 
      1.478      0.254    556.875 1 
      1.482      0.233    562.500 0 
      1.485      0.212    568.125 1 
      1.488      0.191    573.750 0 
      1.490      0.169    579.375 1 
      1.493      0.148    585.000 0 
      1.495      0.127    590.625 1 
      1.496      0.106    596.250 0 
      1.498      0.085    601.875 1 
      1.499      0.064    607.500 0 
      1.499      0.042    613.125 1 
      1.500      0.021    618.750 0 
      1.500     -0.000    624.375 1 
      1.500     -0.021    630.000 0 
      1.499     -0.064    641.250 0 
      1.496     -0.106    652.500 0 
      1.493     -0.148    663.750 0 
      1.488     -0.191    675.000 0 
      1.482     -0.233    686.250 0 
      1.475     -0.274    697.500 0 
      1.466     -0.316    708.750 0 
      1.457     -0.357    720.000 0 
      1.446     -0.398    731.250 0 
      1.434     -0.439    742.500 0 
      1.421     -0.480    753.750 0 
      1.407     -0.520    765.000 0 
      1.392     -0.559    776.250 0 
      1.375     -0.598    787.500 0 
      1.358     -0.637    798.750 0 
      1.339     -0.675    810.000 0 
      1.320     -0.713    821.250 0 
      1.299     -0.750    832.500 0 
      1.277     -0.786    843.750 0 
      1.255     -0.822    855.000 0 
      1.231     -0.857    866.250 0 
      1.206     -0.892    877.500 0 
      1.180     -0.926    888.750 0 
      1.154     -0.959    900.000 0 
      1.126     -0.991    911.250 0 
      1.098     -1.022    922.500 0 
      1.068     -1.053    933.750 0 
      1.038     -1.083    945.000 0 
      1.007     -1.112    956.250 0 
      0.975     -1.140    967.500 0 
      0.942     -1.167    978.750 0 
      0.909     -1.193    990.000 0 
      0.875     -1.218   1001.250 0 
      0.840     -1.243   1012.500 0 
      0.804     -1.266   1023.750 0 
      0.768     -1.288   1035.000 0 
      0.732     -1.310   1046.250 0 
      0.694     -1.330   1057.500 0 
      0.656     -1.349   1068.750 0 
      0.618     -1.367   1080.000 0 
      0.579     -1.384   1091.250 0 
      0.540     -1.400   1102.500 0 
      0.500     -1.414   1113.750 0 
      0.459     -1.428   1125.000 0 
      0.419     -1.440   1136.250 0 
      0.378     -1.452   1147.500 0 
      0.337     -1.462   1158.750 0 
      0.295     -1.471   1170.000 0 
      0.254     -1.478   1181.250 0 
      0.212     -1.485   1192.500 0 
      0.169     -1.490   1203.750 0 
      0.127     -1.495   1215.000 0 
      0.085     -1.498   1226.250 0 
      0.042     -1.499   1237.500 0 
     -0.000     -1.500   1248.750 0 
 